# Created by Octave 4.0.0, Fri Jul 19 16:52:39 2019 -03 <glopez@wanka>
# name: v
# type: matrix
# rows: 1
# columns: 2
 23 24


